v -4.000000 -4.000000 0.000000
v -3.200000 -4.000000 0.000000
v -2.400000 -4.000000 0.000000
v -1.600000 -4.000000 0.000000
v -0.800000 -4.000000 0.000000
v 0.000000 -4.000000 0.000000
v 0.800000 -4.000000 0.000000
v 1.600000 -4.000000 0.000000
v 2.400000 -4.000000 0.000000
v 3.200000 -4.000000 0.000000
v 4.000000 -4.000000 0.000000
v -4.000000 -3.200000 0.000000
v -3.200000 -3.200000 0.000000
v -2.400000 -3.200000 0.000000
v -1.600000 -3.200000 0.000000
v -0.800000 -3.200000 0.000000
v 0.000000 -3.200000 0.000000
v 0.800000 -3.200000 0.000000
v 1.600000 -3.200000 0.000000
v 2.400000 -3.200000 0.000000
v 3.200000 -3.200000 0.000000
v 4.000000 -3.200000 0.000000
v -4.000000 -2.400000 0.000000
v -3.200000 -2.400000 0.000000
v -2.400000 -2.400000 0.000000
v -1.600000 -2.400000 0.000000
v -0.104930 -1.340931 0.000000
v 0.250226 -1.411988 0.000000
v 0.800000 -1.383859 0.000000
v 1.205266 -1.218358 0.000000
v 2.400000 -2.400000 0.000000
v 3.200000 -2.400000 0.000000
v 4.000000 -2.400000 0.000000
v -4.000000 -1.600000 0.000000
v -3.200000 -1.600000 0.000000
v -2.400000 -1.600000 0.000000
v -1.600000 -1.600000 0.000000
v -0.521682 -1.128784 0.000000
v -0.114353 -0.853776 0.000000
v 0.787625 -1.027273 0.000000
v 1.327062 -1.142023 0.000000
v 2.400000 -1.600000 0.000000
v 3.200000 -1.600000 0.000000
v 4.000000 -1.600000 0.000000
v -4.000000 -0.800000 0.000000
v -3.200000 -0.800000 0.000000
v -2.400000 -0.800000 0.000000
v -1.054923 -0.477113 0.000000
v -0.800000 -0.800000 0.000000
v 0.050339 -0.299398 0.000000
v 1.049036 -0.463889 0.000000
v 1.624105 -0.874994 0.000000
v 1.866843 -0.544683 0.000000
v 3.200000 -0.800000 0.000000
v 4.000000 -0.800000 0.000000
v -4.000000 0.000000 0.000000
v -3.200000 0.000000 0.000000
v -2.400000 0.000000 0.000000
v -1.188208 0.000000 0.000000
v -0.264884 0.235919 -0.000000
v 0.047869 0.181147 0.000000
v 0.957272 0.206828 0.000000
v 1.141103 0.234820 0.000000
v 2.033685 0.000000 0.000000
v 3.200000 0.000000 0.000000
v 4.000000 0.000000 0.000000
v -4.000000 0.800000 -0.000000
v -3.200000 0.800000 -0.000000
v -2.400000 0.800000 -0.000000
v -1.103492 0.481721 -0.000000
v -0.193199 0.599389 -0.000000
v 0.026283 0.538517 -0.000000
v 0.942779 0.522994 -0.000000
v 1.121647 0.591234 -0.000000
v 1.992319 0.485071 -0.000000
v 3.200000 0.800000 -0.000000
v 4.000000 0.800000 -0.000000
v -4.000000 1.600000 -0.000000
v -3.200000 1.600000 -0.000000
v -2.400000 1.600000 -0.000000
v -0.934652 0.699933 -0.000000
v -0.577905 0.669659 -0.000000
v 0.000000 0.685723 -0.000000
v 0.800000 0.928219 -0.000000
v 1.600000 1.399801 -0.000000
v 1.838700 1.039627 -0.000000
v 3.200000 1.600000 -0.000000
v 4.000000 1.600000 -0.000000
v -4.000000 2.400000 -0.000000
v -3.200000 2.400000 -0.000000
v -2.400000 2.400000 -0.000000
v -1.600000 2.400000 -0.000000
v -0.800000 2.400000 -0.000000
v 0.000000 2.400000 -0.000000
v 0.800000 2.400000 -0.000000
v 1.600000 2.400000 -0.000000
v 2.400000 2.400000 -0.000000
v 3.200000 2.400000 -0.000000
v 4.000000 2.400000 -0.000000
v -4.000000 3.200000 -0.000000
v -3.200000 3.200000 -0.000000
v -2.400000 3.200000 -0.000000
v -1.600000 3.200000 -0.000000
v -0.800000 3.200000 -0.000000
v 0.000000 3.200000 -0.000000
v 0.800000 3.200000 -0.000000
v 1.600000 3.200000 -0.000000
v 2.400000 3.200000 -0.000000
v 3.200000 3.200000 -0.000000
v 4.000000 3.200000 -0.000000
v -4.000000 4.000000 -0.000000
v -3.200000 4.000000 -0.000000
v -2.400000 4.000000 -0.000000
v -1.600000 4.000000 -0.000000
v -0.800000 4.000000 -0.000000
v 0.000000 4.000000 -0.000000
v 0.800000 4.000000 -0.000000
v 1.600000 4.000000 -0.000000
v 2.400000 4.000000 -0.000000
v 3.200000 4.000000 -0.000000
v 4.000000 4.000000 -0.000000