v -4.000000 -4.000000 0.000000
v -3.200000 -4.000000 0.000000
v -2.400000 -4.000000 0.000000
v -1.600000 -4.000000 0.000000
v -0.800000 -4.000000 0.000000
v 0.000000 -4.000000 0.000000
v 0.800000 -4.000000 0.000000
v 1.600000 -4.000000 0.000000
v 2.400000 -4.000000 0.000000
v 3.200000 -4.000000 0.000000
v 4.000000 -4.000000 0.000000
v -4.000000 -3.200000 0.000000
v -3.200000 -3.200000 0.000000
v -2.400000 -3.200000 0.000000
v -1.600000 -3.200000 0.000000
v -0.800000 -3.200000 0.000000
v 0.000000 -3.200000 0.000000
v 0.800000 -3.200000 0.000000
v 1.600000 -3.200000 0.000000
v 2.400000 -3.200000 0.000000
v 3.200000 -3.200000 0.000000
v 4.000000 -3.200000 0.000000
v -4.000000 -2.400000 0.000000
v -3.200000 -2.400000 0.000000
v -2.400000 -2.400000 0.000000
v -1.600000 -2.400000 0.000000
v -0.104930 -1.340931 0.000000
v 0.250226 -1.411988 0.000000
v 0.800000 -1.383859 0.000000
v 1.205266 -1.218358 0.000000
v 2.400000 -2.400000 0.000000
v 3.200000 -2.400000 0.000000
v 4.000000 -2.400000 0.000000
v -4.000000 -1.600000 0.000000
v -3.200000 -1.600000 0.000000
v -2.400000 -1.600000 0.000000
v -1.600000 -1.600000 0.000000
v -0.521682 -1.128784 0.000000
v 0.573708 -1.295437 0.000000
v 1.080516 -1.143500 0.000000
v 1.327062 -1.142023 0.000000
v 2.400000 -1.600000 0.000000
v 3.200000 -1.600000 0.000000
v 4.000000 -1.600000 0.000000
v -4.000000 -0.800000 0.000000
v -3.200000 -0.800000 0.000000
v -2.400000 -0.800000 0.000000
v -1.054923 -0.477113 0.000000
v -0.800000 -0.800000 0.000000
v 0.426913 -1.038599 0.000000
v 1.021141 -0.947392 0.000000
v 1.600000 -0.900428 0.000000
v 1.866843 -0.544683 0.000000
v 3.200000 -0.800000 0.000000
v 4.000000 -0.800000 0.000000
v -4.000000 0.000000 0.000000
v -3.200000 0.000000 0.000000
v -2.400000 0.000000 0.000000
v -1.188208 0.000000 0.000000
v -0.291340 -0.168121 0.000000
v 0.153691 -0.222892 0.000000
v 1.100668 -0.321163 0.000000
v 1.444767 -0.375599 0.000000
v 2.033685 0.000000 0.000000
v 3.200000 0.000000 0.000000
v 4.000000 0.000000 0.000000
v -4.000000 0.800000 -0.000000
v -3.200000 0.800000 -0.000000
v -2.400000 0.800000 -0.000000
v -1.103492 0.481721 -0.000000
v -0.219655 0.195350 -0.000000
v 0.214918 0.020719 -0.000000
v 1.331928 -0.109503 -0.000000
v 1.519768 -0.117891 -0.000000
v 1.992319 0.485071 -0.000000
v 3.200000 0.800000 -0.000000
v 4.000000 0.800000 -0.000000
v -4.000000 1.600000 -0.000000
v -3.200000 1.600000 -0.000000
v -2.400000 1.600000 -0.000000
v -0.934652 0.699933 -0.000000
v -0.577905 0.669659 -0.000000
v 0.000000 0.685723 -0.000000
v 0.800000 0.928219 -0.000000
v 1.600000 1.399801 -0.000000
v 1.838700 1.039627 -0.000000
v 3.200000 1.600000 -0.000000
v 4.000000 1.600000 -0.000000
v -4.000000 2.400000 -0.000000
v -3.200000 2.400000 -0.000000
v -2.400000 2.400000 -0.000000
v -1.600000 2.400000 -0.000000
v -0.800000 2.400000 -0.000000
v 0.000000 2.400000 -0.000000
v 0.800000 2.400000 -0.000000
v 1.600000 2.400000 -0.000000
v 2.400000 2.400000 -0.000000
v 3.200000 2.400000 -0.000000
v 4.000000 2.400000 -0.000000
v -4.000000 3.200000 -0.000000
v -3.200000 3.200000 -0.000000
v -2.400000 3.200000 -0.000000
v -1.600000 3.200000 -0.000000
v -0.800000 3.200000 -0.000000
v 0.000000 3.200000 -0.000000
v 0.800000 3.200000 -0.000000
v 1.600000 3.200000 -0.000000
v 2.400000 3.200000 -0.000000
v 3.200000 3.200000 -0.000000
v 4.000000 3.200000 -0.000000
v -4.000000 4.000000 -0.000000
v -3.200000 4.000000 -0.000000
v -2.400000 4.000000 -0.000000
v -1.600000 4.000000 -0.000000
v -0.800000 4.000000 -0.000000
v 0.000000 4.000000 -0.000000
v 0.800000 4.000000 -0.000000
v 1.600000 4.000000 -0.000000
v 2.400000 4.000000 -0.000000
v 3.200000 4.000000 -0.000000
v 4.000000 4.000000 -0.000000